3.6135537150520083
3.844857658649335
3.844857658649335
3.844857658649335
3.8502588897731496
3.8502588897731496
3.8502588897731496
3.8502588897731496
3.8502588897731496
3.8502588897731496
3.8502588897731496
3.8502588897731496
3.8502588897731496
3.8502588897731496
3.8502588897731496
3.8502588897731496
3.8502588897731496
3.8502588897731496
3.8502588897731496
3.8502588897731496
3.8502648127142125
3.8502648127142125
3.8502648127142125
3.8502648127142125
3.8502648127142125
3.8502648127142125
3.8502648127142125
3.8502648127142125
3.8502648127142125
3.8502648127142125
3.8502648127142125
3.8502648127142125
3.8502648127142125
3.8502648127142125
3.8502733575903787
3.8502733575903787
3.8502733575903787
3.8502734607468128
3.8502734607468128
3.8502734607468128
3.8502734607468128
3.8502734607468128
3.8502734607468128
3.8502734607468128
3.8502734607468128
3.8502734607468128
3.8502734607468128
3.8502734607468128
3.8502734607468128
3.8502734607468128
